642.396135265701,17729.2302481873,-257420.931049558,1523694.7146383,-4810318.76149219,7719169.15337754,-6010167.1707998,1816689.35765723
17729.2302481873,10797357.9167277,-193092966.656726,1094337666.03247,-2825886039.31746,3716326873.7318,-2434668625.97094,632107736.140349
-257420.931049558,-193092966.656726,3854903313.25388,-23231479176.2894,62997455204.9081,-86443439200.6653,58841663489.3565,-15824867732.1159
1523694.7146383,1094337666.03247,-23231479176.2894,152356105228.577,-442568604514.591,640446850470.255,-454590069637.463,126485159944.95
-4810318.76149219,-2825886039.31746,62997455204.9081,-442568604514.591,1359667860198.75,-2051503221756.8,1503313286222.31,-429055605374.395
7719169.15337754,3716326873.7318,-86443439200.6653,640446850470.255,-2051503221756.8,3189228038954.2,-2389336559881.4,693851383244.197
-6010167.1707998,-2434668625.97094,58841663489.3565,-454590069637.463,1503313286222.31,-2389336559881.4,1819137544594.54,-534899684129.387
1816689.35765723,632107736.140349,-15824867732.1159,126485159944.95,-429055605374.395,693851383244.197,-534899684129.387,158801978856.46