2229.39130434783,-361.455019255792,413292.857212359,-1994411.94785716,5285319.42662891,-7978677.89673529,5991902.25512516,-1720577.91568054
-361.455019255792,165523434.718639,-1675633024.76398,7306480445.92673,-16701284819.3794,20891601609.1996,-13548793581.1496,3561589806.4859
413292.857212359,-1675633024.76398,19865948914.9813,-94093330149.2206,225831024631.987,-291295948382.178,192541807077.573,-51170321329.9282
-1994411.94785716,7306480445.92673,-94093330149.2206,465828033440.762,-1149447301119.05,1510955868080.92,-1011985023470.98,271422415890.269
5285319.42662891,-16701284819.3794,225831024631.987,-1149447301119.05,2890923909895.46,-3854981601577.3,2610421489645.88,-706019866982.922
-7978677.89673529,20891601609.1996,-291295948382.178,1510955868080.92,-3854981601577.3,5200940242379.58,-3555593819257.95,969052177383.331
5991902.25512516,-13548793581.1496,192541807077.573,-1011985023470.98,2610421489645.88,-3555593819257.95,2450603218825.31,-672418334355.034
-1720577.91568054,3561589806.4859,-51170321329.9282,271422415890.269,-706019866982.922,969052177383.331,-672418334355.034,185566760613.548