2766.90676328502,-21511.7435278626,581309.844816013,-3990745.67513395,11651719.2255973,-17004011.8604709,12216180.2231935,-3433773.50727899
-21511.7435278626,8874910.85155903,-133100906.487911,731666573.055183,-1947814285.78741,2695596481.33366,-1864410933.70772,509188641.655825
581309.844816013,-133100906.487911,2395918657.42561,-14299841436.4983,39861324682.1835,-56832671903.3171,40153549357.3189,-11145324776.9523
-3990745.67513395,731666573.055183,-14299841436.4983,89062858978.0948,-255236866765.971,371342758581.127,-266525870323.407,74926912658.3699
11651719.2255973,-1947814285.78741,39861324682.1835,-255236866765.971,746372111795.501,-1103170158308.68,801974340491.183,-227859460802.71
-17004011.8604709,2695596481.33366,-56832671903.3171,371342758581.127,-1103170158308.68,1651522267050.82,-1213365262645.5,347819755876.251
12216180.2231935,-1864410933.70772,40153549357.3189,-266525870323.407,801974340491.183,-1213365262645.5,899362427170.616,-259745656191.303
-3433773.50727899,509188641.655825,-11145324776.9523,74926912658.3699,-227859460802.71,347819755876.251,-259745656191.303,75498236897.3465